[corrosion-1.jpg]
filters=finetune2=1,0.000000,0.000000,0.376140,00000000,0.000000;finetune2=1,0.315789,0.154386,0.000000,00000000,0.964912;Vignette=1,35.000000,1.654971,0.000000,00000000;finetune2=1,0.000000,0.000000,0.314386,00000000,1.000000;radblur=1,0.500000,0.500000,-0.953216,-0.263158;
moddate=5a950c68e407d801
width=669
height=350
textactive=0
[corrosion-1.1.jpg]
filters=finetune2=1,0.000000,0.000000,0.328421,00000000,0.000000;Lomo=1,48.538010,0.000000;radblur=1,0.500000,0.500000,-1.000000,-0.602339;
moddate=1b97d5a3e407d801
width=669
height=350
textactive=0
